1   0
101   0
201   0
2   1.64853
102   -0.113435
202   0
3   -0.149409
103   0.0158244
203   0
4   2.78239
104   -1.97013
204   0
5   -2.88667
105   -2.12134
205   0
6   1.53479
106   -1.47206
206   0
7   -0.764269
107   4.1218
207   0
8   2.33067
108   -0.908405
208   0
9   -0.999279
109   -0.364872
209   0
10   -0.485696
110   3.99372
210   0
11   -0.844359
111   3.08106
211   0
12   3.04938
112   2.43351
212   0
13   -0.398431
113   -0.587529
213   0
14   -2.32059
114   0.0247242
214   0
15   -0.142505
115   -2.64324
215   0
16   -0.664755
116   -0.494545
216   0
17   -2.38086
117   -4.01952
217   0
18   0.976341
118   0.59272
218   0
19   -2.18468
119   -1.19819
219   0
20   -5.16028
120   -2.43295
220   0
21   -0.475765
121   3.60082
221   0
22   -4.47315
122   -0.597201
222   0
23   -1.77201
123   0.512812
223   0
24   -1.43109
124   -0.773645
224   0
25   -0.254628
125   1.70624
225   0
26   -0.0622309
126   2.3981
226   0
27   -1.11712
127   1.86491
227   0
28   1.95739
128   -1.78929
228   0
29   -1.5053
129   -1.23363
229   0
30   1.97292
130   0.606157
230   0
31   2.68835
131   0.440815
231   0
32   -0.663838
132   0.736431
232   0
33   3.01468
133   -0.0832029
233   0
34   2.22665
134   1.84131
234   0
35   0.614177
135   -0.622145
235   0
36   3.70162
136   0.0679893
236   0
37   -0.947285
137   1.67657
237   0
38   -3.99076
138   0.91591
238   0
39   -2.04728
139   -1.25283
239   0
40   0
140   0
240   0
